#MDL  <<<  The first 4 characters '#MDL' are the magic for a MDL text file.
#     <<<  Don't remove them!
#
###############################################################################
#
# This is a textual representation of a MDL file used in Nintendos "Mario Kart
# Wii". "Wiimms SZS Tools" may convert binary (raw) and text MDL files in both
# directions in the near future. The text parser supports variables, C like
# expressions and nested IF-THEN-ELSE structures.
#
# Info about the general parser syntax and semantics:
#   * https://szs.wiimm.de/doc/syntax
#
# Info about the MDL text syntax and semantics:
#   * https://szs.wiimm.de/doc/mdl/syntax
#
# Reference list of MDL parser functions:
#   * https://szs.wiimm.de/doc/mdl/func
#
# Info about the MDL file format:
#   * https://szs.wiimm.de/r/wiki/MDL0
#
# Hint:
#   Set one of the options --no-header (-H) or --brief (-B) while decoding
#   to suppress this large syntax info. The --brief option will also disable
#   info parts in the different sections.

#
###############################################################################

[SETUP]
# This is the general setup and info section. Some parameters are preceeded by
# a hash ('#') to signal the informative only status. The scanning starts
# always with this section.

# Identify the tool and version, that have written this file:
TOOL     = wszst
SYSTEM   = x86_64
VERSION  = 2.33a
REVISION = 8773
DATE     = 2023-01-14

# The MDL name & version and the number of sections
@MDL-NAME    = ""
@MDL-VERSION = 11
@N-SECTIONS  = 14


#
###############################################################################

[HEADER]
# MDL header
@REVISION = 8773

HEAD-LEN    =       0x40
OFFSET      = 0xffffffb4
UNKNOWN-08  =        0x1
UNKNOWN-0c  =        0x1
N-VERTEX    =        378
N-FACE      =        280
UNKNOWN-18  =          0
N-BONE      =          1
UNKNOWN-20  =        0x1
UNKNOWN-08  =        0x1
BONE-OFFSET =       0x40
MIN         =      -2.012      15.432      -2.108
MAX         =       2.010      17.462       2.162


#
###############################################################################

[BONE-TABLE]
@REVISION = 8773

# N = 34
      27
       0
       1
       2
       3
       4
       5
       6
       7
       8
       9
      10
      11
      12
      13
      14
      15
      16
      17
      18
      19
      20
      21
      22
      23
      24
      25
      26
      28
      29
      30
      31
      32
      33

#
###############################################################################

[SECTION-0]
# MDL.draw-list.00, MDL file offset 0x4ac, BRRES file offset 0x71548c
@REVISION    =  8773
@ENTRY-INDEX =     0
@SORT-INDEX  =    20
@NAME        = ""

$HEX # switch to hexdump modus
#----+------------------------------------------------------+----------------+
#addr:   data: bytes in hex  |  '(' expression ')'          : ASCII of data  :
#----+------------------------------------------------------+----------------+
    0:   2  0  0  0   0  2  0  1   0  1  2  0   2  0  1  2  :................:
   10:   0  3  0  3   2  0  4  0   4  2  0  5   0  5  2  0  :................:
   20:   6  0  6  2   0  7  0  7   2  0  8  0   8  2  0  9  :................:
   30:   0  9  2  0   a  0  4  2   0  b  0  b   2  0  c  0  :................:
   40:   c  2  0  d   0  d  2  0   e  0  e  2   0  f  0  f  :................:
   50:   2  0 10  0   4  2  0 11   0 11  2  0  12  0 12  2  :................:
   60:   0 13  0 13   2  0 14  0  14  2  0 15   0 15  2  0  :................:
   70:  16  0 16  2   0 17  0 17   2  0 18  0  18  2  0 19  :................:
   80:   0 19  2  0  1a  0 14  2   0 1b  0 1b   2  0 1c  0  :................:
   90:  14  2  0 1d   0 1c  2  0  1e  0 1d  2   0 1f  0 1e  :................:
   a0:   2  0 20  0  1f  2  0 21   0 20  1  /               :.. ....!. .:

#
###############################################################################

[SECTION-0]
# MDL.draw-list.01, MDL file offset 0x557, BRRES file offset 0x715537
@REVISION    =  8773
@ENTRY-INDEX =     1
@SORT-INDEX  =    30
@NAME        = ""

$HEX # switch to hexdump modus
#----+------------------------------------------------------+----------------+
#addr:   data: bytes in hex  |  '(' expression ')'          : ASCII of data  :
#----+------------------------------------------------------+----------------+
    0:   4  0  0  0   0  0  1  0   1  /                     :.........:

#
###############################################################################

[SECTION-1]
# MDL.bones.00, MDL file offset 0x560, BRRES file offset 0x715540
@REVISION    =  8773
@ENTRY-INDEX =     0
@SORT-INDEX  =    40
@NAME        = "ÎüÎý"

length		=        0xd0
mdl0-offset	=  0xfffffaa0
index		=           0
id		=         0x1
flags		=       0x19f
padding		=           0           0

parent		=           0  ""
child		=        0xd0  ""
next		=           0  ""
prev		=           0  ""
part2		=           0  ""

scale		=       1.000       1.000       1.000
rotation	=       0.000       0.000       0.000
translation	=       0.000       0.000       0.000
minimum		=       0.000       0.000       0.000
maximum		=       0.000       0.000       0.000

trans-matrix-x  =       1.000       0.000       0.000       0.000
trans-matrix-y  =       0.000       1.000       0.000       0.000
trans-matrix-z  =       0.000       0.000       1.000       0.000

inv-matrix-x    =       1.000      -0.000       0.000       0.000
inv-matrix-y    =      -0.000       1.000      -0.000       0.000
inv-matrix-z    =       0.000      -0.000       1.000       0.000


#
###############################################################################

[SECTION-1]
# MDL.bones.01, MDL file offset 0x630, BRRES file offset 0x715610
@REVISION    =  8773
@ENTRY-INDEX =     1
@SORT-INDEX  =    50
@NAME        = ""

length		=        0xd0
mdl0-offset	=  0xfffff9d0
index		=         0x1
id		=         0x2
flags		=       0x19f
padding		=           0           0

parent		=  0xffffff30  "ÎüÎý"
child		=           0  ""
next		=        0xd0  "÷ÿÎÜx"
prev		=           0  ""
part2		=           0  ""

scale		=       1.000       1.000       1.000
rotation	=       0.000       0.000       0.000
translation	=       0.000       0.000       0.000
minimum		=      -2.012      15.432      -2.108
maximum		=       2.010      17.462       2.162

trans-matrix-x  =       1.000       0.000       0.000       0.000
trans-matrix-y  =       0.000       1.000       0.000       0.000
trans-matrix-z  =       0.000       0.000       1.000       0.000

inv-matrix-x    =       1.000      -0.000       0.000       0.000
inv-matrix-y    =      -0.000       1.000      -0.000       0.000
inv-matrix-z    =       0.000      -0.000       1.000       0.000


#
###############################################################################

[SECTION-1]
# MDL.bones.02, MDL file offset 0x700, BRRES file offset 0x7156e0
@REVISION    =  8773
@ENTRY-INDEX =     2
@SORT-INDEX  =    60
@NAME        = "÷ÿÎÜx"

length		=        0xd0
mdl0-offset	=  0xfffff900
index		=         0x2
id		=         0x3
flags		=        0x9f
padding		=           0           0

parent		=  0xfffffe60  "ÎüÎý"
child		=        0xd0  ""
next		=           0  ""
prev		=  0xffffff30  ""
part2		=           0  ""

scale		=       1.000       1.000       1.000
rotation	=       0.000       0.000       0.000
translation	=       0.000       0.000       0.000
minimum		=       0.000       0.000       0.000
maximum		=       0.000       0.000       0.000

trans-matrix-x  =       1.000       0.000       0.000       0.000
trans-matrix-y  =       0.000       1.000       0.000       0.000
trans-matrix-z  =       0.000       0.000       1.000       0.000

inv-matrix-x    =       1.000      -0.000       0.000       0.000
inv-matrix-y    =      -0.000       1.000      -0.000       0.000
inv-matrix-z    =       0.000      -0.000       1.000       0.000


#
###############################################################################

[SECTION-1]
# MDL.bones.03, MDL file offset 0x7d0, BRRES file offset 0x7157b0
@REVISION    =  8773
@ENTRY-INDEX =     3
@SORT-INDEX  =    70
@NAME        = ""

length		=        0xd0
mdl0-offset	=  0xfffff830
index		=         0x3
id		=         0x4
flags		=        0x98
padding		=           0           0

parent		=  0xffffff30  "÷ÿÎÜx"
child		=        0xd0  "UUU\Îüï¾"
next		=           0  ""
prev		=           0  ""
part2		=           0  ""

scale		=       1.000       1.000       1.000
rotation	=       0.000     -90.000       0.000
translation	=       0.000       9.914      -0.454
minimum		=       0.000       0.000       0.000
maximum		=       0.000       0.000       0.000

trans-matrix-x  =       0.000       0.000      -1.000       0.000
trans-matrix-y  =       0.000       1.000       0.000       9.914
trans-matrix-z  =       1.000       0.000       0.000      -0.454

inv-matrix-x    =       0.000      -0.000       1.000       0.454
inv-matrix-y    =      -0.000       1.000      -0.000      -9.914
inv-matrix-z    =      -1.000      -0.000       0.000       0.000


#
###############################################################################

[SECTION-1]
# MDL.bones.04, MDL file offset 0x8a0, BRRES file offset 0x715880
@REVISION    =  8773
@ENTRY-INDEX =     4
@SORT-INDEX  =    80
@NAME        = "UUU\Îüï¾"

length		=        0xd0
mdl0-offset	=  0xfffff760
index		=         0x4
id		=         0x5
flags		=        0x98
padding		=           0           0

parent		=  0xffffff30  ""
child		=        0xd0  "Ã<àÀï¾ÎüUUX"
next		=       0x4e0  "ÎüÎý"
prev		=           0  ""
part2		=           0  ""

scale		=       1.000       1.000       1.000
rotation	=     -90.088       2.779     -91.824
translation	=      -0.042       0.018      -0.769
minimum		=       0.000       0.000       0.000
maximum		=       0.000       0.000       0.000

trans-matrix-x  =       0.048       0.999       0.002       0.769
trans-matrix-y  =      -0.998       0.048      -0.032       9.932
trans-matrix-z  =      -0.032       0.000       0.999      -0.496

inv-matrix-x    =       0.048      -0.998      -0.032       9.863
inv-matrix-y    =       0.999       0.049       0.000      -1.250
inv-matrix-z    =       0.002      -0.032       1.000       0.810


#
###############################################################################

[SECTION-1]
# MDL.bones.05, MDL file offset 0x970, BRRES file offset 0x715950
@REVISION    =  8773
@ENTRY-INDEX =     5
@SORT-INDEX  =    90
@NAME        = "Ã<àÀï¾ÎüUUX"

length		=        0xd0
mdl0-offset	=  0xfffff690
index		=         0x5
id		=         0x6
flags		=        0x9c
padding		=           0           0

parent		=  0xffffff30  "UUU\Îüï¾"
child		=        0xd0  ""
next		=           0  ""
prev		=           0  ""
part2		=           0  ""

scale		=       1.000       1.000       1.000
rotation	=       0.000       0.000       0.000
translation	=       2.621       0.000       0.000
minimum		=       0.000       0.000       0.000
maximum		=       0.000       0.000       0.000

trans-matrix-x  =       0.048       0.999       0.002       0.896
trans-matrix-y  =      -0.998       0.048      -0.032       7.316
trans-matrix-z  =      -0.032       0.000       0.999      -0.579

inv-matrix-x    =       0.048      -0.998      -0.032       7.242
inv-matrix-y    =       0.999       0.049       0.000      -1.250
inv-matrix-z    =       0.002      -0.032       1.000       0.810


#
###############################################################################

[SECTION-1]
# MDL.bones.06, MDL file offset 0xa40, BRRES file offset 0x715a20
@REVISION    =  8773
@ENTRY-INDEX =     6
@SORT-INDEX  =   100
@NAME        = ""

length		=        0xd0
mdl0-offset	=  0xfffff5c0
index		=         0x6
id		=         0x7
flags		=        0x98
padding		=           0           0

parent		=  0xffffff30  "Ã<àÀï¾ÎüUUX"
child		=        0xd0  "ÎüÎý"
next		=           0  ""
prev		=           0  ""
part2		=           0  ""

scale		=       1.000       1.000       1.000
rotation	=       0.000       2.995       0.249
translation	=       2.040       0.000       0.000
minimum		=       0.000       0.000       0.000
maximum		=       0.000       0.000       0.000

trans-matrix-x  =       0.053       0.999       0.004       0.995
trans-matrix-y  =      -0.995       0.053      -0.084       5.280
trans-matrix-z  =      -0.084       0.000       0.996      -0.644

inv-matrix-x    =       0.053      -0.995      -0.084       5.148
inv-matrix-y    =       0.999       0.053       0.000      -1.273
inv-matrix-z    =       0.004      -0.084       0.997       1.081


#
###############################################################################

[SECTION-1]
# MDL.bones.07, MDL file offset 0xb10, BRRES file offset 0x715af0
@REVISION    =  8773
@ENTRY-INDEX =     7
@SORT-INDEX  =   110
@NAME        = "ÎüÎý"

length		=        0xd0
mdl0-offset	=  0xfffff4f0
index		=         0x7
id		=         0x8
flags		=        0x9c
padding		=           0           0

parent		=  0xffffff30  ""
child		=        0xd0  ""
next		=           0  ""
prev		=           0  ""
part2		=           0  ""

scale		=       1.000       1.000       1.000
rotation	=       0.000       0.000       0.000
translation	=       2.027       0.000       0.000
minimum		=       0.000       0.000       0.000
maximum		=       0.000       0.000       0.000

trans-matrix-x  =       0.053       0.999       0.004       1.102
trans-matrix-y  =      -0.995       0.053      -0.084       3.263
trans-matrix-z  =      -0.084       0.000       0.996      -0.815

inv-matrix-x    =       0.053      -0.995      -0.084       3.121
inv-matrix-y    =       0.999       0.053       0.000      -1.273
inv-matrix-z    =       0.004      -0.084       0.997       1.081


#
###############################################################################

[SECTION-1]
# MDL.bones.08, MDL file offset 0xbe0, BRRES file offset 0x715bc0
@REVISION    =  8773
@ENTRY-INDEX =     8
@SORT-INDEX  =   120
@NAME        = ""

length		=        0xd0
mdl0-offset	=  0xfffff420
index		=         0x8
id		=         0x9
flags		=        0x98
padding		=           0           0

parent		=  0xffffff30  "ÎüÎý"
child		=        0xd0  "ÎüÎý"
next		=           0  ""
prev		=           0  ""
part2		=           0  ""

scale		=       1.000       1.000       1.000
rotation	=       0.000     -35.418       5.140
translation	=       1.617       0.000       0.000
minimum		=       0.000       0.000       0.000
maximum		=       0.000       0.000       0.000

trans-matrix-x  =       0.118       0.990      -0.079       1.187
trans-matrix-y  =      -0.852       0.142       0.503       1.654
trans-matrix-z  =       0.509       0.008       0.860      -0.950

inv-matrix-x    =       0.118      -0.853       0.509       1.754
inv-matrix-y    =       0.990       0.142       0.008      -1.402
inv-matrix-z    =      -0.079       0.503       0.861       0.079


#
###############################################################################

[SECTION-1]
# MDL.bones.09, MDL file offset 0xcb0, BRRES file offset 0x715c90
@REVISION    =  8773
@ENTRY-INDEX =     9
@SORT-INDEX  =   130
@NAME        = "ÎüÎý"

length		=        0xd0
mdl0-offset	=  0xfffff350
index		=         0x9
id		=         0xa
flags		=        0x98
padding		=           0           0

parent		=  0xffffff30  ""
child		=           0  ""
next		=           0  ""
prev		=           0  ""
part2		=           0  ""

scale		=       1.000       1.000       1.000
rotation	=       0.000     -35.906      14.334
translation	=       1.513       0.000       0.000
minimum		=       0.000       0.000       0.000
maximum		=       0.000       0.000       0.000

trans-matrix-x  =       0.245       0.930      -0.275       1.366
trans-matrix-y  =      -0.345       0.348       0.871       0.364
trans-matrix-z  =       0.906      -0.119       0.406      -0.180

inv-matrix-x    =       0.245      -0.346       0.906      -0.046
inv-matrix-y    =       0.930       0.348      -0.119      -1.418
inv-matrix-z    =      -0.275       0.872       0.407       0.131


#
###############################################################################

[SECTION-1]
# MDL.bones.10, MDL file offset 0xd80, BRRES file offset 0x715d60
@REVISION    =  8773
@ENTRY-INDEX =    10
@SORT-INDEX  =   140
@NAME        = "ÎüÎý"

length		=        0xd0
mdl0-offset	=  0xfffff280
index		=         0xa
id		=         0xb
flags		=        0x98
padding		=           0           0

parent		=  0xfffffa50  ""
child		=        0xd0  "ÎüÎý"
next		=       0x4e0  ""
prev		=  0xfffffb20  "UUU\Îüï¾"
part2		=           0  ""

scale		=       1.000       1.000       1.000
rotation	=      90.088      -2.779     -91.824
translation	=      -0.042       0.018       0.769
minimum		=       0.000       0.000       0.000
maximum		=       0.000       0.000       0.000

trans-matrix-x  =      -0.048      -0.999       0.002      -0.769
trans-matrix-y  =      -0.998       0.048       0.032       9.932
trans-matrix-z  =      -0.032       0.000      -0.999      -0.496

inv-matrix-x    =      -0.048      -0.998      -0.032       9.863
inv-matrix-y    =      -0.999       0.049       0.000      -1.250
inv-matrix-z    =       0.002       0.032      -1.000      -0.810


#
###############################################################################

[SECTION-1]
# MDL.bones.11, MDL file offset 0xe50, BRRES file offset 0x715e30
@REVISION    =  8773
@ENTRY-INDEX =    11
@SORT-INDEX  =   150
@NAME        = "ÎüÎý"

length		=        0xd0
mdl0-offset	=  0xfffff1b0
index		=         0xb
id		=         0xc
flags		=        0x9c
padding		=           0           0

parent		=  0xffffff30  "ÎüÎý"
child		=        0xd0  "÷Þïžè?ÎüÎý"
next		=           0  ""
prev		=           0  ""
part2		=           0  ""

scale		=       1.000       1.000       1.000
rotation	=       0.000       0.000       0.000
translation	=       2.621       0.000       0.000
minimum		=       0.000       0.000       0.000
maximum		=       0.000       0.000       0.000

trans-matrix-x  =      -0.048      -0.999       0.002      -0.896
trans-matrix-y  =      -0.998       0.048       0.032       7.316
trans-matrix-z  =      -0.032       0.000      -0.999      -0.579

inv-matrix-x    =      -0.048      -0.998      -0.032       7.242
inv-matrix-y    =      -0.999       0.049       0.000      -1.250
inv-matrix-z    =       0.002       0.032      -1.000      -0.810


#
###############################################################################

[SECTION-1]
# MDL.bones.12, MDL file offset 0xf20, BRRES file offset 0x715f00
@REVISION    =  8773
@ENTRY-INDEX =    12
@SORT-INDEX  =   160
@NAME        = "÷Þïžè?ÎüÎý"

length		=        0xd0
mdl0-offset	=  0xfffff0e0
index		=         0xc
id		=         0xd
flags		=        0x98
padding		=           0           0

parent		=  0xffffff30  "ÎüÎý"
child		=        0xd0  "ÎüÎý"
next		=           0  ""
prev		=           0  ""
part2		=           0  ""

scale		=       1.000       1.000       1.000
rotation	=       0.000      -2.995       0.249
translation	=       2.040       0.000       0.000
minimum		=       0.000       0.000       0.000
maximum		=       0.000       0.000       0.000

trans-matrix-x  =      -0.053      -0.999       0.004      -0.995
trans-matrix-y  =      -0.995       0.053       0.084       5.280
trans-matrix-z  =      -0.084       0.000      -0.996      -0.644

inv-matrix-x    =      -0.053      -0.995      -0.084       5.148
inv-matrix-y    =      -0.999       0.053       0.000      -1.273
inv-matrix-z    =       0.004       0.084      -0.997      -1.081


#
###############################################################################

[SECTION-1]
# MDL.bones.13, MDL file offset 0xff0, BRRES file offset 0x715fd0
@REVISION    =  8773
@ENTRY-INDEX =    13
@SORT-INDEX  =   170
@NAME        = "ÎüÎý"

length		=        0xd0
mdl0-offset	=  0xfffff010
index		=         0xd
id		=         0xe
flags		=        0x9c
padding		=           0           0

parent		=  0xffffff30  "÷Þïžè?ÎüÎý"
child		=        0xd0  "½ªªªÿÿ÷ÞZVUUÿß÷ÿÿóÿÿ÷ßÎüÕ"
next		=           0  ""
prev		=           0  ""
part2		=           0  ""

scale		=       1.000       1.000       1.000
rotation	=       0.000       0.000       0.000
translation	=       2.027       0.000       0.000
minimum		=       0.000       0.000       0.000
maximum		=       0.000       0.000       0.000

trans-matrix-x  =      -0.053      -0.999       0.004      -1.102
trans-matrix-y  =      -0.995       0.053       0.084       3.263
trans-matrix-z  =      -0.084       0.000      -0.996      -0.815

inv-matrix-x    =      -0.053      -0.995      -0.084       3.121
inv-matrix-y    =      -0.999       0.053       0.000      -1.273
inv-matrix-z    =       0.004       0.084      -0.997      -1.081


#
###############################################################################

[SECTION-1]
# MDL.bones.14, MDL file offset 0x10c0, BRRES file offset 0x7160a0
@REVISION    =  8773
@ENTRY-INDEX =    14
@SORT-INDEX  =   180
@NAME        = "½ªªªÿÿ÷ÞZVUUÿß÷ÿÿóÿÿ÷ßÎüÕ"

length		=        0xd0
mdl0-offset	=  0xffffef40
index		=         0xe
id		=         0xf
flags		=        0x98
padding		=           0           0

parent		=  0xffffff30  "ÎüÎý"
child		=        0xd0  "÷ÿÎüUUÕ	ÎüÎý"
next		=           0  ""
prev		=           0  ""
part2		=           0  ""

scale		=       1.000       1.000       1.000
rotation	=       0.000      35.418       5.140
translation	=       1.617       0.000       0.000
minimum		=       0.000       0.000       0.000
maximum		=       0.000       0.000       0.000

trans-matrix-x  =      -0.118      -0.990      -0.079      -1.187
trans-matrix-y  =      -0.852       0.142      -0.503       1.654
trans-matrix-z  =       0.509       0.008      -0.860      -0.950

inv-matrix-x    =      -0.118      -0.853       0.509       1.754
inv-matrix-y    =      -0.990       0.142       0.008      -1.402
inv-matrix-z    =      -0.079      -0.503      -0.861      -0.079


#
###############################################################################

[SECTION-1]
# MDL.bones.15, MDL file offset 0x1190, BRRES file offset 0x716170
@REVISION    =  8773
@ENTRY-INDEX =    15
@SORT-INDEX  =   190
@NAME        = "÷ÿÎüUUÕ	ÎüÎý"

length		=        0xd0
mdl0-offset	=  0xffffee70
index		=         0xf
id		=        0x10
flags		=        0x98
padding		=           0           0

parent		=  0xffffff30  "½ªªªÿÿ÷ÞZVUUÿß÷ÿÿóÿÿ÷ßÎüÕ"
child		=           0  ""
next		=           0  ""
prev		=           0  ""
part2		=           0  ""

scale		=       1.000       1.000       1.000
rotation	=       0.000      35.906      14.334
translation	=       1.513       0.000       0.000
minimum		=       0.000       0.000       0.000
maximum		=       0.000       0.000       0.000

trans-matrix-x  =      -0.245      -0.930      -0.275      -1.366
trans-matrix-y  =      -0.345       0.348      -0.871       0.364
trans-matrix-z  =       0.906      -0.119      -0.406      -0.180

inv-matrix-x    =      -0.245      -0.346       0.906      -0.046
inv-matrix-y    =      -0.930       0.348      -0.119      -1.418
inv-matrix-z    =      -0.275      -0.872      -0.407      -0.131


#
###############################################################################

[SECTION-1]
# MDL.bones.16, MDL file offset 0x1260, BRRES file offset 0x716240
@REVISION    =  8773
@ENTRY-INDEX =    16
@SORT-INDEX  =   200
@NAME        = ""

length		=        0xd0
mdl0-offset	=  0xffffeda0
index		=        0x10
id		=        0x11
flags		=        0x9a
padding		=           0           0

parent		=  0xfffff570  ""
child		=        0xd0  "ÎüÎý"
next		=           0  ""
prev		=  0xfffffb20  "ÎüÎý"
part2		=           0  ""

scale		=       1.000       1.000       1.000
rotation	=       0.000       0.000      85.706
translation	=       0.000       0.000       0.000
minimum		=       0.000       0.000       0.000
maximum		=       0.000       0.000       0.000

trans-matrix-x  =       0.000       0.000      -1.000       0.000
trans-matrix-y  =       0.997       0.075       0.000       9.914
trans-matrix-z  =       0.075      -0.997       0.000      -0.454

inv-matrix-x    =       0.000       0.997       0.075      -9.852
inv-matrix-y    =      -0.000       0.075      -0.997      -1.195
inv-matrix-z    =      -1.000       0.000       0.000       0.000


#
###############################################################################

[SECTION-1]
# MDL.bones.17, MDL file offset 0x1330, BRRES file offset 0x716310
@REVISION    =  8773
@ENTRY-INDEX =    17
@SORT-INDEX  =   210
@NAME        = "ÎüÎý"

length		=        0xd0
mdl0-offset	=  0xffffecd0
index		=        0x11
id		=        0x12
flags		=        0x98
padding		=           0           0

parent		=  0xffffff30  ""
child		=        0xd0  ""
next		=           0  ""
prev		=           0  ""
part2		=           0  ""

scale		=       1.000       1.000       1.000
rotation	=       0.000       0.000       3.089
translation	=       1.371       0.000       0.000
minimum		=       0.000       0.000       0.000
maximum		=       0.000       0.000       0.000

trans-matrix-x  =       0.000       0.000      -1.000       0.000
trans-matrix-y  =       1.000       0.021       0.000      11.281
trans-matrix-z  =       0.021      -1.000       0.000      -0.351

inv-matrix-x    =       0.000       1.000       0.021     -11.272
inv-matrix-y    =      -0.000       0.021      -1.000      -0.588
inv-matrix-z    =      -1.000       0.000       0.000       0.000


#
###############################################################################

[SECTION-1]
# MDL.bones.18, MDL file offset 0x1400, BRRES file offset 0x7163e0
@REVISION    =  8773
@ENTRY-INDEX =    18
@SORT-INDEX  =   220
@NAME        = ""

length		=        0xd0
mdl0-offset	=  0xffffec00
index		=        0x12
id		=        0x13
flags		=        0x98
padding		=           0           0

parent		=  0xffffff30  "ÎüÎý"
child		=        0xd0  "ÎüÎý"
next		=           0  ""
prev		=           0  ""
part2		=           0  ""

scale		=       1.000       1.000       1.000
rotation	=       0.000       0.000       2.775
translation	=       1.266       0.000       0.000
minimum		=       0.000       0.000       0.000
maximum		=       0.000       0.000       0.000

trans-matrix-x  =       0.000       0.000      -1.000       0.000
trans-matrix-y  =       1.000      -0.027       0.000      12.547
trans-matrix-z  =      -0.027      -1.000       0.000      -0.325

inv-matrix-x    =       0.000       1.000      -0.027     -12.552
inv-matrix-y    =      -0.000      -0.027      -1.000       0.019
inv-matrix-z    =      -1.000      -0.000      -0.000       0.000


#
###############################################################################

[SECTION-1]
# MDL.bones.19, MDL file offset 0x14d0, BRRES file offset 0x7164b0
@REVISION    =  8773
@ENTRY-INDEX =    19
@SORT-INDEX  =   230
@NAME        = "ÎüÎý"

length		=        0xd0
mdl0-offset	=  0xffffeb30
index		=        0x13
id		=        0x14
flags		=        0x98
padding		=           0           0

parent		=  0xffffff30  ""
child		=        0xd0  ""
next		=           0  ""
prev		=           0  ""
part2		=           0  ""

scale		=       1.000       1.000       1.000
rotation	=       0.000       0.000      -3.550
translation	=       1.220       0.000       0.000
minimum		=       0.000       0.000       0.000
maximum		=       0.000       0.000       0.000

trans-matrix-x  =       0.000       0.000      -1.000       0.000
trans-matrix-y  =       0.999       0.035       0.000      13.766
trans-matrix-z  =       0.035      -0.999       0.000      -0.358

inv-matrix-x    =       0.000       1.000       0.035     -13.748
inv-matrix-y    =      -0.000       0.035      -1.000      -0.834
inv-matrix-z    =      -1.000       0.000       0.000       0.000


#
###############################################################################

[SECTION-1]
# MDL.bones.20, MDL file offset 0x15a0, BRRES file offset 0x716580
@REVISION    =  8773
@ENTRY-INDEX =    20
@SORT-INDEX  =   240
@NAME        = ""

length		=        0xd0
mdl0-offset	=  0xffffea60
index		=        0x14
id		=        0x15
flags		=        0x98
padding		=           0           0

parent		=  0xffffff30  "ÎüÎý"
child		=        0xd0  ""
next		=       0x4e0  "ª(¨
ÿß÷ÿó?ý;÷ÿ÷¾?ÿ3ÿÿï¾ÿ­ÿÿ÷ÿï}*èªª÷Þ÷¿ªªªª÷Þ÷¿ªªªª÷ÿ÷~ª¢
‚ÿÿï¾½ªªªÿÿ÷ÞZVUUÿß÷ÿÿóÿÿ÷ßÎüÕ"
prev		=           0  ""
part2		=           0  ""

scale		=       1.000       1.000       1.000
rotation	=    -103.010      74.352     176.238
translation	=       0.976       0.250      -0.266
minimum		=       0.000       0.000       0.000
maximum		=       0.000       0.000       0.000

trans-matrix-x  =       0.963       0.263       0.061       0.266
trans-matrix-y  =      -0.268       0.956       0.118      14.751
trans-matrix-z  =      -0.027      -0.130       0.991      -0.574

inv-matrix-x    =       0.963      -0.268      -0.027       3.688
inv-matrix-y    =       0.263       0.956      -0.130     -14.251
inv-matrix-z    =       0.061       0.118       0.991      -1.191


#
###############################################################################

[SECTION-1]
# MDL.bones.21, MDL file offset 0x1670, BRRES file offset 0x716650
@REVISION    =  8773
@ENTRY-INDEX =    21
@SORT-INDEX  =   250
@NAME        = ""

length		=        0xd0
mdl0-offset	=  0xffffe990
index		=        0x15
id		=        0x16
flags		=        0x98
padding		=           0           0

parent		=  0xffffff30  ""
child		=        0xd0  ""
next		=           0  ""
prev		=           0  ""
part2		=           0  ""

scale		=       1.000       1.000       1.000
rotation	=       0.000       0.000     -38.762
translation	=       1.134       0.000       0.000
minimum		=       0.000       0.000       0.000
maximum		=       0.000       0.000       0.000

trans-matrix-x  =       0.586       0.808       0.061       1.358
trans-matrix-y  =      -0.808       0.577       0.118      14.446
trans-matrix-z  =       0.060      -0.118       0.991      -0.605

inv-matrix-x    =       0.586      -0.808       0.060      10.915
inv-matrix-y    =       0.808       0.578      -0.118      -9.514
inv-matrix-z    =       0.061       0.118       0.991      -1.191


#
###############################################################################

[SECTION-1]
# MDL.bones.22, MDL file offset 0x1740, BRRES file offset 0x716720
@REVISION    =  8773
@ENTRY-INDEX =    22
@SORT-INDEX  =   260
@NAME        = ""

length		=        0xd0
mdl0-offset	=  0xffffe8c0
index		=        0x16
id		=        0x17
flags		=        0x9c
padding		=           0           0

parent		=  0xffffff30  ""
child		=        0xd0  ""
next		=           0  ""
prev		=           0  ""
part2		=           0  ""

scale		=       1.000       1.000       1.000
rotation	=       0.000       0.000       0.000
translation	=       1.495       0.000       0.000
minimum		=       0.000       0.000       0.000
maximum		=       0.000       0.000       0.000

trans-matrix-x  =       0.586       0.808       0.061       2.234
trans-matrix-y  =      -0.808       0.577       0.118      13.239
trans-matrix-z  =       0.060      -0.118       0.991      -0.514

inv-matrix-x    =       0.586      -0.808       0.060       9.420
inv-matrix-y    =       0.808       0.578      -0.118      -9.514
inv-matrix-z    =       0.061       0.118       0.991      -1.191


#
###############################################################################

[SECTION-1]
# MDL.bones.23, MDL file offset 0x1810, BRRES file offset 0x7167f0
@REVISION    =  8773
@ENTRY-INDEX =    23
@SORT-INDEX  =   270
@NAME        = ""

length		=        0xd0
mdl0-offset	=  0xffffe7f0
index		=        0x17
id		=        0x18
flags		=        0x98
padding		=           0           0

parent		=  0xffffff30  ""
child		=        0xd0  ""
next		=           0  ""
prev		=           0  ""
part2		=           0  ""

scale		=       1.000       1.000       1.000
rotation	=       0.000     -15.698      -1.978
translation	=       1.203       0.000       0.000
minimum		=       0.000       0.000       0.000
maximum		=       0.000       0.000       0.000

trans-matrix-x  =       0.554       0.827      -0.093       2.939
trans-matrix-y  =      -0.764       0.549       0.337      12.268
trans-matrix-z  =       0.330      -0.116       0.936      -0.442

inv-matrix-x    =       0.554      -0.765       0.330       7.901
inv-matrix-y    =       0.828       0.549      -0.116      -9.225
inv-matrix-z    =      -0.093       0.338       0.937      -3.458


#
###############################################################################

[SECTION-1]
# MDL.bones.24, MDL file offset 0x18e0, BRRES file offset 0x7168c0
@REVISION    =  8773
@ENTRY-INDEX =    24
@SORT-INDEX  =   280
@NAME        = ""

length		=        0xd0
mdl0-offset	=  0xffffe720
index		=        0x18
id		=        0x19
flags		=        0x9c
padding		=           0           0

parent		=  0xffffff30  ""
child		=        0xd0  ""
next		=           0  ""
prev		=           0  ""
part2		=           0  ""

scale		=       1.000       1.000       1.000
rotation	=       0.000       0.000       0.000
translation	=       1.280       0.000       0.000
minimum		=       0.000       0.000       0.000
maximum		=       0.000       0.000       0.000

trans-matrix-x  =       0.554       0.827      -0.093       3.647
trans-matrix-y  =      -0.764       0.549       0.337      11.291
trans-matrix-z  =       0.330      -0.116       0.936      -0.019

inv-matrix-x    =       0.554      -0.765       0.330       6.621
inv-matrix-y    =       0.828       0.549      -0.116      -9.225
inv-matrix-z    =      -0.093       0.338       0.937      -3.458


#
###############################################################################

[SECTION-1]
# MDL.bones.25, MDL file offset 0x19b0, BRRES file offset 0x716990
@REVISION    =  8773
@ENTRY-INDEX =    25
@SORT-INDEX  =   290
@NAME        = ""

length		=        0xd0
mdl0-offset	=  0xffffe650
index		=        0x19
id		=        0x1a
flags		=        0x98
padding		=           0           0

parent		=  0xffffff30  ""
child		=           0  ""
next		=           0  ""
prev		=           0  ""
part2		=           0  ""

scale		=       1.000       1.000       1.000
rotation	=       0.000      -7.619       0.876
translation	=       1.150       0.000       0.000
minimum		=       0.000       0.000       0.000
maximum		=       0.000       0.000       0.000

trans-matrix-x  =       0.549       0.819      -0.167       4.284
trans-matrix-y  =      -0.704       0.561       0.435      10.412
trans-matrix-z  =       0.450      -0.121       0.885       0.361

inv-matrix-x    =       0.549      -0.705       0.450       4.825
inv-matrix-y    =       0.819       0.561      -0.121      -9.308
inv-matrix-z    =      -0.167       0.435       0.885      -4.134


#
###############################################################################

[SECTION-1]
# MDL.bones.26, MDL file offset 0x1a80, BRRES file offset 0x716a60
@REVISION    =  8773
@ENTRY-INDEX =    26
@SORT-INDEX  =   300
@NAME        = "ª(¨
ÿß÷ÿó?ý;÷ÿ÷¾?ÿ3ÿÿï¾ÿ­ÿÿ÷ÿï}*èªª÷Þ÷¿ªªªª÷Þ÷¿ªªªª÷ÿ÷~ª¢
‚ÿÿï¾½ªªªÿÿ÷ÞZVUUÿß÷ÿÿóÿÿ÷ßÎüÕ"

length		=        0xd0
mdl0-offset	=  0xffffe580
index		=        0x1a
id		=        0x1b
flags		=        0x98
padding		=           0           0

parent		=  0xfffffa50  "ÎüÎý"
child		=        0xd0  ""
next		=       0x1a0  "U5"
prev		=  0xfffffb20  ""
part2		=           0  ""

scale		=       1.000       1.000       1.000
rotation	=       0.000       0.000      -2.016
translation	=       1.185       0.000       0.000
minimum		=       0.000       0.000       0.000
maximum		=       0.000       0.000       0.000

trans-matrix-x  =       0.000       0.000      -1.000       0.000
trans-matrix-y  =       0.997       0.070       0.000      14.951
trans-matrix-z  =       0.070      -0.997       0.000      -0.317

inv-matrix-x    =       0.000       0.998       0.070     -14.895
inv-matrix-y    =      -0.000       0.070      -0.998      -1.359
inv-matrix-z    =      -1.000       0.000       0.000       0.000


#
###############################################################################

[SECTION-1]
# MDL.bones.27, MDL file offset 0x1b50, BRRES file offset 0x716b30
@REVISION    =  8773
@ENTRY-INDEX =    27
@SORT-INDEX  =   310
@NAME        = ""

length		=        0xd0
mdl0-offset	=  0xffffe4b0
index		=        0x1b
id		=           0
flags		=       0x298
padding		=           0           0

parent		=  0xffffff30  "ª(¨
ÿß÷ÿó?ý;÷ÿ÷¾?ÿ3ÿÿï¾ÿ­ÿÿ÷ÿï}*èªª÷Þ÷¿ªªªª÷Þ÷¿ªªªª÷ÿ÷~ª¢
‚ÿÿï¾½ªªªÿÿ÷ÞZVUUÿß÷ÿÿóÿÿ÷ßÎüÕ"
child		=           0  ""
next		=           0  ""
prev		=           0  ""
part2		=           0  ""

scale		=       1.000       1.000       1.000
rotation	=       0.000       0.000      -2.165
translation	=       0.925       0.000       0.000
minimum		=       0.000       0.000       0.000
maximum		=       0.000       0.000       0.000

trans-matrix-x  =       0.000       0.000      -1.000       0.000
trans-matrix-y  =       0.994       0.107       0.000      15.873
trans-matrix-z  =       0.107      -0.994       0.000      -0.253

inv-matrix-x    =       0.000       0.995       0.107     -15.759
inv-matrix-y    =      -0.000       0.107      -0.995      -1.955
inv-matrix-z    =      -1.000       0.000       0.000       0.000


#
###############################################################################

[SECTION-1]
# MDL.bones.28, MDL file offset 0x1c20, BRRES file offset 0x716c00
@REVISION    =  8773
@ENTRY-INDEX =    28
@SORT-INDEX  =   320
@NAME        = "U5"

length		=        0xd0
mdl0-offset	=  0xffffe3e0
index		=        0x1c
id		=        0x1c
flags		=        0x98
padding		=           0           0

parent		=  0xfffff8b0  "ÎüÎý"
child		=        0xd0  "÷ÿï}*èªª÷Þ÷¿ªªªª÷Þ÷¿ªªªª÷ÿ÷~ª¢
‚ÿÿï¾½ªªªÿÿ÷ÞZVUUÿß÷ÿÿóÿÿ÷ßÎüÕ"
next		=           0  ""
prev		=  0xfffffe60  "ª(¨
ÿß÷ÿó?ý;÷ÿ÷¾?ÿ3ÿÿï¾ÿ­ÿÿ÷ÿï}*èªª÷Þ÷¿ªªªª÷Þ÷¿ªªªª÷ÿ÷~ª¢
‚ÿÿï¾½ªªªÿÿ÷ÞZVUUÿß÷ÿÿóÿÿ÷ßÎüÕ"
part2		=           0  ""

scale		=       1.000       1.000       1.000
rotation	=     -76.990     -74.352     176.238
translation	=       0.976       0.250       0.266
minimum		=       0.000       0.000       0.000
maximum		=       0.000       0.000       0.000

trans-matrix-x  =      -0.963       0.263      -0.061      -0.266
trans-matrix-y  =      -0.268      -0.956       0.118      14.751
trans-matrix-z  =      -0.027       0.130       0.991      -0.574

inv-matrix-x    =      -0.963      -0.268      -0.027       3.688
inv-matrix-y    =       0.263      -0.956       0.130      14.251
inv-matrix-z    =      -0.061       0.118       0.991      -1.191


#
###############################################################################

[SECTION-1]
# MDL.bones.29, MDL file offset 0x1cf0, BRRES file offset 0x716cd0
@REVISION    =  8773
