#MDL  <<<  The first 4 characters '#MDL' are the magic for a MDL text file.
#     <<<  Don't remove them!
#
###############################################################################
#
# This is a textual representation of a MDL file used in Nintendos "Mario Kart
# Wii". "Wiimms SZS Tools" may convert binary (raw) and text MDL files in both
# directions in the near future. The text parser supports variables, C like
# expressions and nested IF-THEN-ELSE structures.
#
# Info about the general parser syntax and semantics:
#   * https://szs.wiimm.de/doc/syntax
#
# Info about the MDL text syntax and semantics:
#   * https://szs.wiimm.de/doc/mdl/syntax
#
# Reference list of MDL parser functions:
#   * https://szs.wiimm.de/doc/mdl/func
#
# Info about the MDL file format:
#   * https://szs.wiimm.de/r/wiki/MDL0
#
# Hint:
#   Set one of the options --no-header (-H) or --brief (-B) while decoding
#   to suppress this large syntax info. The --brief option will also disable
#   info parts in the different sections.

#
###############################################################################

[SETUP]
# This is the general setup and info section. Some parameters are preceeded by
# a hash ('#') to signal the informative only status. The scanning starts
# always with this section.

# Identify the tool and version, that have written this file:
TOOL     = wszst
SYSTEM   = x86_64
VERSION  = 2.33a
REVISION = 8773
DATE     = 2023-01-14

# The MDL name & version and the number of sections
@MDL-NAME    = ""
@MDL-VERSION = 11
@N-SECTIONS  = 14


#
###############################################################################

[HEADER]
# MDL header
@REVISION = 8773

HEAD-LEN    =       0x40
OFFSET      = 0xffffffb4
UNKNOWN-08  =        0x1
UNKNOWN-0c  =        0x1
N-VERTEX    =        356
N-FACE      =        204
UNKNOWN-18  =          0
N-BONE      =          1
UNKNOWN-20  =        0x1
UNKNOWN-08  =        0x1
BONE-OFFSET =       0x40
MIN         =      -0.626      15.987      -0.442
MAX         =       0.626      16.528       0.857


#
###############################################################################

[BONE-TABLE]
@REVISION = 8773

# N = 34
      26
       0
       1
       2
       3
       4
       5
       6
       7
       8
       9
      10
      11
      12
      13
      14
      15
      16
      17
      18
      19
      20
      21
      22
      23
      24
      25
      27
      28
      29
      30
      31
      32
      33

#
###############################################################################

[SECTION-0]
# MDL.draw-list.00, MDL file offset 0x588, BRRES file offset 0x14ab188
@REVISION    =  8773
@ENTRY-INDEX =     0
@SORT-INDEX  =    30
@NAME        = ""

$HEX # switch to hexdump modus
#----+------------------------------------------------------+----------------+
#addr:   data: bytes in hex  |  '(' expression ')'          : ASCII of data  :
#----+------------------------------------------------------+----------------+
    0:   2  0  0  0   0  2  0  1   0  1  2  0   2  0  2  2  :................:
   10:   0  3  0  3   2  0  4  0   4  2  0  5   0  5  2  0  :................:
   20:   6  0  6  2   0  7  0  7   2  0  8  0   8  2  0  9  :................:
   30:   0  3  2  0   a  0  a  2   0  b  0  b   2  0  c  0  :................:
   40:   c  2  0  d   0  d  2  0   e  0  e  2   0  f  0  3  :................:
   50:   2  0 10  0  10  2  0 11   0 11  2  0  12  0 12  2  :................:
   60:   0 13  0 13   2  0 14  0  14  2  0 15   0 15  2  0  :................:
   70:  16  0 16  2   0 17  0 17   2  0 18  0  18  2  0 19  :................:
   80:   0 13  2  0  1a  0 1a  2   0 1b  0 13   2  0 1c  0  :................:
   90:  1b  2  0 1d   0 1c  2  0  1e  0 1d  2   0 1f  0 1e  :................:
   a0:   2  0 20  0  1f  2  0 21   0  1  1  /               :.. ....!...:

#
###############################################################################

[SECTION-0]
# MDL.draw-list.01, MDL file offset 0x633, BRRES file offset 0x14ab233
@REVISION    =  8773
@ENTRY-INDEX =     1
@SORT-INDEX  =    40
@NAME        = ""

$HEX # switch to hexdump modus
#----+------------------------------------------------------+----------------+
#addr:   data: bytes in hex  |  '(' expression ')'          : ASCII of data  :
#----+------------------------------------------------------+----------------+
    0:   4  0  0  0   0  0 21  0   4  0  1  0   2  0 21  0  :......!.......!.:
   10:   1  /                                               :.:

#
###############################################################################

[SECTION-0]
# MDL.draw-list.02, MDL file offset 0x644, BRRES file offset 0x14ab244
@REVISION    =  8773
@ENTRY-INDEX =     2
@SORT-INDEX  =    50
@NAME        = ""

$HEX # switch to hexdump modus
#----+------------------------------------------------------+----------------+
#addr:   data: bytes in hex  |  '(' expression ')'          : ASCII of data  :
#----+------------------------------------------------------+----------------+
    0:   4  0  2  0   1  0 21  0   1  /                     :......!..:

#
###############################################################################

[SECTION-1]
# MDL.bones.00, MDL file offset 0x650, BRRES file offset 0x14ab250
@REVISION    =  8773
@ENTRY-INDEX =     0
@SORT-INDEX  =    60
@NAME        = ""

length		=        0xd0
mdl0-offset	=  0xfffff9b0
index		=           0
id		=         0x1
flags		=       0x19f
padding		=           0           0

parent		=           0  ""
child		=        0xd0  "Uÿª"
next		=           0  ""
prev		=           0  ""
part2		=           0  ""

scale		=       1.000       1.000       1.000
rotation	=       0.000       0.000       0.000
translation	=       0.000       0.000       0.000
minimum		=       0.000       0.000       0.000
maximum		=       0.000       0.000       0.000

trans-matrix-x  =       1.000       0.000       0.000       0.000
trans-matrix-y  =       0.000       1.000       0.000       0.000
trans-matrix-z  =       0.000       0.000       1.000       0.000

inv-matrix-x    =       1.000      -0.000       0.000       0.000
inv-matrix-y    =      -0.000       1.000      -0.000       0.000
inv-matrix-z    =       0.000      -0.000       1.000       0.000


#
###############################################################################

[SECTION-1]
# MDL.bones.01, MDL file offset 0x720, BRRES file offset 0x14ab320
@REVISION    =  8773
@ENTRY-INDEX =     1
@SORT-INDEX  =    70
@NAME        = "Uÿª"

length		=        0xd0
mdl0-offset	=  0xfffff8e0
index		=         0x1
id		=         0x2
flags		=        0x9f
padding		=           0           0

parent		=  0xffffff30  ""
child		=        0xd0  ""
next		=      0x1a00  "U6âÿÿÖx"
prev		=           0  ""
part2		=           0  ""

scale		=       1.000       1.000       1.000
rotation	=       0.000       0.000       0.000
translation	=       0.000       0.000       0.000
minimum		=       0.000       0.000       0.000
maximum		=       0.000       0.000       0.000

trans-matrix-x  =       1.000       0.000       0.000       0.000
trans-matrix-y  =       0.000       1.000       0.000       0.000
trans-matrix-z  =       0.000       0.000       1.000       0.000

inv-matrix-x    =       1.000      -0.000       0.000       0.000
inv-matrix-y    =      -0.000       1.000      -0.000       0.000
inv-matrix-z    =       0.000      -0.000       1.000       0.000


#
###############################################################################

[SECTION-1]
# MDL.bones.02, MDL file offset 0x7f0, BRRES file offset 0x14ab3f0
@REVISION    =  8773
@ENTRY-INDEX =     2
@SORT-INDEX  =    80
@NAME        = ""

length		=        0xd0
mdl0-offset	=  0xfffff810
index		=         0x2
id		=         0x3
flags		=        0x98
padding		=           0           0

parent		=  0xffffff30  "Uÿª"
child		=        0xd0  "Ý*ÔÈUÿª"
next		=           0  ""
prev		=           0  ""
part2		=           0  ""

scale		=       1.000       1.000       1.000
rotation	=       0.000     -90.000       0.000
translation	=       0.000       9.914      -0.454
minimum		=       0.000       0.000       0.000
maximum		=       0.000       0.000       0.000

trans-matrix-x  =       0.000       0.000      -1.000       0.000
trans-matrix-y  =       0.000       1.000       0.000       9.914
trans-matrix-z  =       1.000       0.000       0.000      -0.454

inv-matrix-x    =       0.000      -0.000       1.000       0.454
inv-matrix-y    =      -0.000       1.000      -0.000      -9.914
inv-matrix-z    =      -1.000      -0.000       0.000       0.000


#
###############################################################################

[SECTION-1]
# MDL.bones.03, MDL file offset 0x8c0, BRRES file offset 0x14ab4c0
@REVISION    =  8773
@ENTRY-INDEX =     3
@SORT-INDEX  =    90
@NAME        = "Ý*ÔÈUÿª"

length		=        0xd0
mdl0-offset	=  0xfffff740
index		=         0x3
id		=         0x4
flags		=        0x98
padding		=           0           0

parent		=  0xffffff30  ""
child		=        0xd0  "åÎÝLUÿª"
next		=       0x4e0  "Uÿª"
prev		=           0  ""
part2		=           0  ""

scale		=       1.000       1.000       1.000
rotation	=     -90.088       2.779     -91.824
translation	=      -0.042       0.018      -0.769
minimum		=       0.000       0.000       0.000
maximum		=       0.000       0.000       0.000

trans-matrix-x  =       0.048       0.999       0.002       0.769
trans-matrix-y  =      -0.998       0.048      -0.032       9.932
trans-matrix-z  =      -0.032       0.000       0.999      -0.496

inv-matrix-x    =       0.048      -0.998      -0.032       9.863
inv-matrix-y    =       0.999       0.049       0.000      -1.250
inv-matrix-z    =       0.002      -0.032       1.000       0.810


#
###############################################################################

[SECTION-1]
# MDL.bones.04, MDL file offset 0x990, BRRES file offset 0x14ab590
@REVISION    =  8773
@ENTRY-INDEX =     4
@SORT-INDEX  =   100
@NAME        = "åÎÝLUÿª"

length		=        0xd0
mdl0-offset	=  0xfffff670
index		=         0x4
id		=         0x5
flags		=        0x9c
padding		=           0           0

parent		=  0xffffff30  "Ý*ÔÈUÿª"
child		=        0xd0  "ÌDÌUÿª"
next		=           0  ""
prev		=           0  ""
part2		=           0  ""

scale		=       1.000       1.000       1.000
rotation	=       0.000       0.000       0.000
translation	=       2.621       0.000       0.000
minimum		=       0.000       0.000       0.000
maximum		=       0.000       0.000       0.000

trans-matrix-x  =       0.048       0.999       0.002       0.896
trans-matrix-y  =      -0.998       0.048      -0.032       7.316
trans-matrix-z  =      -0.032       0.000       0.999      -0.579

inv-matrix-x    =       0.048      -0.998      -0.032       7.242
inv-matrix-y    =       0.999       0.049       0.000      -1.250
inv-matrix-z    =       0.002      -0.032       1.000       0.810


#
###############################################################################

[SECTION-1]
# MDL.bones.05, MDL file offset 0xa60, BRRES file offset 0x14ab660
@REVISION    =  8773
@ENTRY-INDEX =     5
@SORT-INDEX  =   110
@NAME        = "ÌDÌUÿª"

length		=        0xd0
mdl0-offset	=  0xfffff5a0
index		=         0x5
id		=         0x6
flags		=        0x98
padding		=           0           0

parent		=  0xffffff30  "åÎÝLUÿª"
child		=        0xd0  "Uÿª"
next		=           0  ""
prev		=           0  ""
part2		=           0  ""

scale		=       1.000       1.000       1.000
rotation	=       0.000       2.995       0.249
translation	=       2.040       0.000       0.000
minimum		=       0.000       0.000       0.000
maximum		=       0.000       0.000       0.000

trans-matrix-x  =       0.053       0.999       0.004       0.995
trans-matrix-y  =      -0.995       0.053      -0.084       5.280
trans-matrix-z  =      -0.084       0.000       0.996      -0.644

inv-matrix-x    =       0.053      -0.995      -0.084       5.148
inv-matrix-y    =       0.999       0.053       0.000      -1.273
inv-matrix-z    =       0.004      -0.084       0.997       1.081


#
###############################################################################

[SECTION-1]
# MDL.bones.06, MDL file offset 0xb30, BRRES file offset 0x14ab730
@REVISION    =  8773
@ENTRY-INDEX =     6
@SORT-INDEX  =   120
@NAME        = "Uÿª"

length		=        0xd0
mdl0-offset	=  0xfffff4d0
index		=         0x6
id		=         0x7
flags		=        0x9c
padding		=           0           0

parent		=  0xffffff30  "ÌDÌUÿª"
child		=        0xd0  "Ô§ÌEÿÿª"
next		=           0  ""
prev		=           0  ""
part2		=           0  ""

scale		=       1.000       1.000       1.000
rotation	=       0.000       0.000       0.000
translation	=       2.027       0.000       0.000
minimum		=       0.000       0.000       0.000
maximum		=       0.000       0.000       0.000

trans-matrix-x  =       0.053       0.999       0.004       1.102
trans-matrix-y  =      -0.995       0.053      -0.084       3.263
trans-matrix-z  =      -0.084       0.000       0.996      -0.815

inv-matrix-x    =       0.053      -0.995      -0.084       3.121
inv-matrix-y    =       0.999       0.053       0.000      -1.273
inv-matrix-z    =       0.004      -0.084       0.997       1.081


#
###############################################################################

[SECTION-1]
# MDL.bones.07, MDL file offset 0xc00, BRRES file offset 0x14ab800
@REVISION    =  8773
@ENTRY-INDEX =     7
@SORT-INDEX  =   130
@NAME        = "Ô§ÌEÿÿª"

length		=        0xd0
mdl0-offset	=  0xfffff400
index		=         0x7
id		=         0x8
flags		=        0x98
padding		=           0           0

parent		=  0xffffff30  "Uÿª"
child		=        0xd0  "Uÿª"
next		=           0  ""
prev		=           0  ""
part2		=           0  ""

scale		=       1.000       1.000       1.000
rotation	=       0.000     -35.418       5.140
translation	=       1.617       0.000       0.000
minimum		=       0.000       0.000       0.000
maximum		=       0.000       0.000       0.000

trans-matrix-x  =       0.118       0.990      -0.079       1.187
trans-matrix-y  =      -0.852       0.142       0.503       1.654
trans-matrix-z  =       0.509       0.008       0.860      -0.950

inv-matrix-x    =       0.118      -0.853       0.509       1.754
inv-matrix-y    =       0.990       0.142       0.008      -1.402
inv-matrix-z    =      -0.079       0.503       0.861       0.079


#
###############################################################################

[SECTION-1]
# MDL.bones.08, MDL file offset 0xcd0, BRRES file offset 0x14ab8d0
@REVISION    =  8773
@ENTRY-INDEX =     8
@SORT-INDEX  =   140
@NAME        = "Uÿª"

length		=        0xd0
mdl0-offset	=  0xfffff330
index		=         0x8
id		=         0x9
flags		=        0x98
padding		=           0           0

parent		=  0xffffff30  "Ô§ÌEÿÿª"
child		=           0  ""
next		=           0  ""
prev		=           0  ""
part2		=           0  ""

scale		=       1.000       1.000       1.000
rotation	=       0.000     -35.906      14.334
translation	=       1.513       0.000       0.000
minimum		=       0.000       0.000       0.000
maximum		=       0.000       0.000       0.000

trans-matrix-x  =       0.245       0.930      -0.275       1.366
trans-matrix-y  =      -0.345       0.348       0.871       0.364
trans-matrix-z  =       0.906      -0.119       0.406      -0.180

inv-matrix-x    =       0.245      -0.346       0.906      -0.046
inv-matrix-y    =       0.930       0.348      -0.119      -1.418
inv-matrix-z    =      -0.275       0.872       0.407       0.131


#
###############################################################################

[SECTION-1]
# MDL.bones.09, MDL file offset 0xda0, BRRES file offset 0x14ab9a0
@REVISION    =  8773
@ENTRY-INDEX =     9
@SORT-INDEX  =   150
@NAME        = "Uÿª"

length		=        0xd0
mdl0-offset	=  0xfffff260
index		=         0x9
id		=         0xa
flags		=        0x98
padding		=           0           0

parent		=  0xfffffa50  ""
child		=        0xd0  "Uÿª"
next		=       0x4e0  "Uÿª"
prev		=  0xfffffb20  "Ý*ÔÈUÿª"
part2		=           0  ""

scale		=       1.000       1.000       1.000
rotation	=      90.088      -2.779     -91.824
translation	=      -0.042       0.018       0.769
minimum		=       0.000       0.000       0.000
maximum		=       0.000       0.000       0.000

trans-matrix-x  =      -0.048      -0.999       0.002      -0.769
trans-matrix-y  =      -0.998       0.048       0.032       9.932
trans-matrix-z  =      -0.032       0.000      -0.999      -0.496

inv-matrix-x    =      -0.048      -0.998      -0.032       9.863
inv-matrix-y    =      -0.999       0.049       0.000      -1.250
inv-matrix-z    =       0.002       0.032      -1.000      -0.810


#
###############################################################################

[SECTION-1]
# MDL.bones.10, MDL file offset 0xe70, BRRES file offset 0x14aba70
@REVISION    =  8773
@ENTRY-INDEX =    10
@SORT-INDEX  =   160
@NAME        = "Uÿª"

length		=        0xd0
mdl0-offset	=  0xfffff190
index		=         0xa
id		=         0xb
flags		=        0x9c
padding		=           0           0

parent		=  0xffffff30  "Uÿª"
child		=        0xd0  "Uÿª"
next		=           0  ""
prev		=           0  ""
part2		=           0  ""

scale		=       1.000       1.000       1.000
rotation	=       0.000       0.000       0.000
translation	=       2.621       0.000       0.000
minimum		=       0.000       0.000       0.000
maximum		=       0.000       0.000       0.000

trans-matrix-x  =      -0.048      -0.999       0.002      -0.896
trans-matrix-y  =      -0.998       0.048       0.032       7.316
trans-matrix-z  =      -0.032       0.000      -0.999      -0.579

inv-matrix-x    =      -0.048      -0.998      -0.032       7.242
inv-matrix-y    =      -0.999       0.049       0.000      -1.250
inv-matrix-z    =       0.002       0.032      -1.000      -0.810


#
###############################################################################

[SECTION-1]
# MDL.bones.11, MDL file offset 0xf40, BRRES file offset 0x14abb40
@REVISION    =  8773
@ENTRY-INDEX =    11
@SORT-INDEX  =   170
@NAME        = "Uÿª"

length		=        0xd0
mdl0-offset	=  0xfffff0c0
index		=         0xb
id		=         0xc
flags		=        0x98
padding		=           0           0

parent		=  0xffffff30  "Uÿª"
child		=        0xd0  "Uÿª"
next		=           0  ""
prev		=           0  ""
part2		=           0  ""

scale		=       1.000       1.000       1.000
rotation	=       0.000      -2.995       0.249
translation	=       2.040       0.000       0.000
minimum		=       0.000       0.000       0.000
maximum		=       0.000       0.000       0.000

trans-matrix-x  =      -0.053      -0.999       0.004      -0.995
trans-matrix-y  =      -0.995       0.053       0.084       5.280
trans-matrix-z  =      -0.084       0.000      -0.996      -0.644

inv-matrix-x    =      -0.053      -0.995      -0.084       5.148
inv-matrix-y    =      -0.999       0.053       0.000      -1.273
inv-matrix-z    =       0.004       0.084      -0.997      -1.081


#
###############################################################################

[SECTION-1]
# MDL.bones.12, MDL file offset 0x1010, BRRES file offset 0x14abc10
@REVISION    =  8773
@ENTRY-INDEX =    12
@SORT-INDEX  =   180
@NAME        = "Uÿª"

length		=        0xd0
mdl0-offset	=  0xffffeff0
index		=         0xc
id		=         0xd
flags		=        0x9c
padding		=           0           0

parent		=  0xffffff30  "Uÿª"
child		=        0xd0  "æRåïUÿª"
next		=           0  ""
prev		=           0  ""
part2		=           0  ""

scale		=       1.000       1.000       1.000
rotation	=       0.000       0.000       0.000
translation	=       2.027       0.000       0.000
minimum		=       0.000       0.000       0.000
maximum		=       0.000       0.000       0.000

trans-matrix-x  =      -0.053      -0.999       0.004      -1.102
trans-matrix-y  =      -0.995       0.053       0.084       3.263
trans-matrix-z  =      -0.084       0.000      -0.996      -0.815

inv-matrix-x    =      -0.053      -0.995      -0.084       3.121
inv-matrix-y    =      -0.999       0.053       0.000      -1.273
inv-matrix-z    =       0.004       0.084      -0.997      -1.081


#
###############################################################################

[SECTION-1]
# MDL.bones.13, MDL file offset 0x10e0, BRRES file offset 0x14abce0
@REVISION    =  8773
@ENTRY-INDEX =    13
@SORT-INDEX  =   190
@NAME        = "æRåïUÿª"

length		=        0xd0
mdl0-offset	=  0xffffef20
index		=         0xd
id		=         0xe
flags		=        0x98
padding		=           0           0

parent		=  0xffffff30  "Uÿª"
child		=        0xd0  "Uÿª"
next		=           0  ""
prev		=           0  ""
part2		=           0  ""

scale		=       1.000       1.000       1.000
rotation	=       0.000      35.418       5.140
translation	=       1.617       0.000       0.000
minimum		=       0.000       0.000       0.000
maximum		=       0.000       0.000       0.000

trans-matrix-x  =      -0.118      -0.990      -0.079      -1.187
trans-matrix-y  =      -0.852       0.142      -0.503       1.654
trans-matrix-z  =       0.509       0.008      -0.860      -0.950

inv-matrix-x    =      -0.118      -0.853       0.509       1.754
inv-matrix-y    =      -0.990       0.142       0.008      -1.402
inv-matrix-z    =      -0.079      -0.503      -0.861      -0.079


#
###############################################################################

[SECTION-1]
# MDL.bones.14, MDL file offset 0x11b0, BRRES file offset 0x14abdb0
@REVISION    =  8773
@ENTRY-INDEX =    14
@SORT-INDEX  =   200
@NAME        = "Uÿª"

length		=        0xd0
mdl0-offset	=  0xffffee50
index		=         0xe
id		=         0xf
flags		=        0x98
padding		=           0           0

parent		=  0xffffff30  "æRåïUÿª"
child		=           0  ""
next		=           0  ""
prev		=           0  ""
part2		=           0  ""

scale		=       1.000       1.000       1.000
rotation	=       0.000      35.906      14.334
translation	=       1.513       0.000       0.000
minimum		=       0.000       0.000       0.000
maximum		=       0.000       0.000       0.000

trans-matrix-x  =      -0.245      -0.930      -0.275      -1.366
trans-matrix-y  =      -0.345       0.348      -0.871       0.364
trans-matrix-z  =       0.906      -0.119      -0.406      -0.180

inv-matrix-x    =      -0.245      -0.346       0.906      -0.046
inv-matrix-y    =      -0.930       0.348      -0.119      -1.418
inv-matrix-z    =      -0.275      -0.872      -0.407      -0.131


#
###############################################################################

[SECTION-1]
# MDL.bones.15, MDL file offset 0x1280, BRRES file offset 0x14abe80
@REVISION    =  8773
@ENTRY-INDEX =    15
@SORT-INDEX  =   210
@NAME        = "Uÿª"

length		=        0xd0
mdl0-offset	=  0xffffed80
index		=         0xf
id		=        0x10
flags		=        0x9a
padding		=           0           0

parent		=  0xfffff570  ""
child		=        0xd0  "ÿ»÷zUÿª"
next		=           0  ""
prev		=  0xfffffb20  "Uÿª"
part2		=           0  ""

scale		=       1.000       1.000       1.000
rotation	=       0.000       0.000      85.706
translation	=       0.000       0.000       0.000
minimum		=       0.000       0.000       0.000
maximum		=       0.000       0.000       0.000

trans-matrix-x  =       0.000       0.000      -1.000       0.000
trans-matrix-y  =       0.997       0.075       0.000       9.914
trans-matrix-z  =       0.075      -0.997       0.000      -0.454

inv-matrix-x    =       0.000       0.997       0.075      -9.852
inv-matrix-y    =      -0.000       0.075      -0.997      -1.195
inv-matrix-z    =      -1.000       0.000       0.000       0.000


#
###############################################################################

[SECTION-1]
# MDL.bones.16, MDL file offset 0x1350, BRRES file offset 0x14abf50
@REVISION    =  8773
@ENTRY-INDEX =    16
@SORT-INDEX  =   220
@NAME        = "ÿ»÷zUÿª"

length		=        0xd0
mdl0-offset	=  0xffffecb0
index		=        0x10
id		=        0x11
flags		=        0x98
padding		=           0           0

parent		=  0xffffff30  "Uÿª"
child		=        0xd0  ""
next		=           0  ""
prev		=           0  ""
part2		=           0  ""

scale		=       1.000       1.000       1.000
rotation	=       0.000       0.000       3.089
translation	=       1.371       0.000       0.000
minimum		=       0.000       0.000       0.000
maximum		=       0.000       0.000       0.000

trans-matrix-x  =       0.000       0.000      -1.000       0.000
trans-matrix-y  =       1.000       0.021       0.000      11.281
trans-matrix-z  =       0.021      -1.000       0.000      -0.351

inv-matrix-x    =       0.000       1.000       0.021     -11.272
inv-matrix-y    =      -0.000       0.021      -1.000      -0.588
inv-matrix-z    =      -1.000       0.000       0.000       0.000


#
###############################################################################

[SECTION-1]
# MDL.bones.17, MDL file offset 0x1420, BRRES file offset 0x14ac020
@REVISION    =  8773
@ENTRY-INDEX =    17
@SORT-INDEX  =   230
@NAME        = ""

length		=        0xd0
mdl0-offset	=  0xffffebe0
index		=        0x11
id		=        0x12
flags		=        0x98
padding		=           0           0

parent		=  0xffffff30  "ÿ»÷zUÿª"
child		=        0xd0  ""
next		=           0  ""
prev		=           0  ""
part2		=           0  ""

scale		=       1.000       1.000       1.000
rotation	=       0.000       0.000       2.775
translation	=       1.266       0.000       0.000
minimum		=       0.000       0.000       0.000
maximum		=       0.000       0.000       0.000

trans-matrix-x  =       0.000       0.000      -1.000       0.000
trans-matrix-y  =       1.000      -0.027       0.000      12.547
trans-matrix-z  =      -0.027      -1.000       0.000      -0.325

inv-matrix-x    =       0.000       1.000      -0.027     -12.552
inv-matrix-y    =      -0.000      -0.027      -1.000       0.019
inv-matrix-z    =      -1.000      -0.000      -0.000       0.000


#
###############################################################################

[SECTION-1]
# MDL.bones.18, MDL file offset 0x14f0, BRRES file offset 0x14ac0f0
@REVISION    =  8773
@ENTRY-INDEX =    18
@SORT-INDEX  =   240
@NAME        = ""

length		=        0xd0
mdl0-offset	=  0xffffeb10
index		=        0x12
id		=        0x13
flags		=        0x98
padding		=           0           0

parent		=  0xffffff30  ""
child		=        0xd0  "Ý*ÔÈUÿª"
next		=           0  ""
prev		=           0  ""
part2		=           0  ""

scale		=       1.000       1.000       1.000
rotation	=       0.000       0.000      -3.550
translation	=       1.220       0.000       0.000
minimum		=       0.000       0.000       0.000
maximum		=       0.000       0.000       0.000

trans-matrix-x  =       0.000       0.000      -1.000       0.000
trans-matrix-y  =       0.999       0.035       0.000      13.766
trans-matrix-z  =       0.035      -0.999       0.000      -0.358

inv-matrix-x    =       0.000       1.000       0.035     -13.748
inv-matrix-y    =      -0.000       0.035      -1.000      -0.834
inv-matrix-z    =      -1.000       0.000       0.000       0.000


#
###############################################################################

[SECTION-1]
# MDL.bones.19, MDL file offset 0x15c0, BRRES file offset 0x14ac1c0
@REVISION    =  8773
@ENTRY-INDEX =    19
@SORT-INDEX  =   250
@NAME        = "Ý*ÔÈUÿª"

length		=        0xd0
mdl0-offset	=  0xffffea40
index		=        0x13
id		=        0x14
flags		=        0x98
padding		=           0           0

parent		=  0xffffff30  ""
child		=        0xd0  ""
next		=       0x4e0  "Ý*ÔÈUÿª"
prev		=           0  ""
part2		=           0  ""

scale		=       1.000       1.000       1.000
rotation	=    -103.010      74.352     176.238
translation	=       0.976       0.250      -0.266
minimum		=       0.000       0.000       0.000
maximum		=       0.000       0.000       0.000

trans-matrix-x  =       0.963       0.263       0.061       0.266
trans-matrix-y  =      -0.268       0.956       0.118      14.751
trans-matrix-z  =      -0.027      -0.130       0.991      -0.574

inv-matrix-x    =       0.963      -0.268      -0.027       3.688
inv-matrix-y    =       0.263       0.956      -0.130     -14.251
inv-matrix-z    =       0.061       0.118       0.991      -1.191


#
###############################################################################

[SECTION-1]
# MDL.bones.20, MDL file offset 0x1690, BRRES file offset 0x14ac290
@REVISION    =  8773
@ENTRY-INDEX =    20
@SORT-INDEX  =   260
@NAME        = ""

length		=        0xd0
mdl0-offset	=  0xffffe970
index		=        0x14
id		=        0x15
flags		=        0x98
padding		=           0           0

parent		=  0xffffff30  "Ý*ÔÈUÿª"
child		=        0xd0  "Uÿª"
next		=           0  ""
prev		=           0  ""
part2		=           0  ""

scale		=       1.000       1.000       1.000
rotation	=       0.000       0.000     -38.762
translation	=       1.134       0.000       0.000
minimum		=       0.000       0.000       0.000
maximum		=       0.000       0.000       0.000

trans-matrix-x  =       0.586       0.808       0.061       1.358
trans-matrix-y  =      -0.808       0.577       0.118      14.446
trans-matrix-z  =       0.060      -0.118       0.991      -0.605

inv-matrix-x    =       0.586      -0.808       0.060      10.915
inv-matrix-y    =       0.808       0.578      -0.118      -9.514
inv-matrix-z    =       0.061       0.118       0.991      -1.191


#
###############################################################################

[SECTION-1]
# MDL.bones.21, MDL file offset 0x1760, BRRES file offset 0x14ac360
@REVISION    =  8773
@ENTRY-INDEX =    21
@SORT-INDEX  =   270
@NAME        = "Uÿª"

length		=        0xd0
mdl0-offset	=  0xffffe8a0
index		=        0x15
id		=        0x16
flags		=        0x9c
padding		=           0           0

parent		=  0xffffff30  ""
child		=        0xd0  "ÌDÌUÿª"
next		=           0  ""
prev		=           0  ""
part2		=           0  ""

scale		=       1.000       1.000       1.000
rotation	=       0.000       0.000       0.000
translation	=       1.495       0.000       0.000
minimum		=       0.000       0.000       0.000
maximum		=       0.000       0.000       0.000

trans-matrix-x  =       0.586       0.808       0.061       2.234
trans-matrix-y  =      -0.808       0.577       0.118      13.239
trans-matrix-z  =       0.060      -0.118       0.991      -0.514

inv-matrix-x    =       0.586      -0.808       0.060       9.420
inv-matrix-y    =       0.808       0.578      -0.118      -9.514
inv-matrix-z    =       0.061       0.118       0.991      -1.191


#
###############################################################################

[SECTION-1]
# MDL.bones.22, MDL file offset 0x1830, BRRES file offset 0x14ac430
@REVISION    =  8773
@ENTRY-INDEX =    22
@SORT-INDEX  =   280
@NAME        = "ÌDÌUÿª"

length		=        0xd0
mdl0-offset	=  0xffffe7d0
index		=        0x16
id		=        0x17
flags		=        0x98
padding		=           0           0

parent		=  0xffffff30  "Uÿª"
child		=        0xd0  "Ô§ÌEÿÿª"
next		=           0  ""
prev		=           0  ""
part2		=           0  ""

scale		=       1.000       1.000       1.000
rotation	=       0.000     -15.698      -1.978
translation	=       1.203       0.000       0.000
minimum		=       0.000       0.000       0.000
maximum		=       0.000       0.000       0.000

trans-matrix-x  =       0.554       0.827      -0.093       2.939
trans-matrix-y  =      -0.764       0.549       0.337      12.268
trans-matrix-z  =       0.330      -0.116       0.936      -0.442

inv-matrix-x    =       0.554      -0.765       0.330       7.901
inv-matrix-y    =       0.828       0.549      -0.116      -9.225
inv-matrix-z    =      -0.093       0.338       0.937      -3.458


#
###############################################################################

[SECTION-1]
# MDL.bones.23, MDL file offset 0x1900, BRRES file offset 0x14ac500
@REVISION    =  8773
@ENTRY-INDEX =    23
@SORT-INDEX  =   290
@NAME        = "Ô§ÌEÿÿª"

length		=        0xd0
mdl0-offset	=  0xffffe700
index		=        0x17
id		=        0x18
flags		=        0x9c
padding		=           0           0

parent		=  0xffffff30  "ÌDÌUÿª"
child		=        0xd0  "Ô§ÌEÿÿª"
next		=           0  ""
prev		=           0  ""
part2		=           0  ""

scale		=       1.000       1.000       1.000
rotation	=       0.000       0.000       0.000
translation	=       1.280       0.000       0.000
minimum		=       0.000       0.000       0.000
maximum		=       0.000       0.000       0.000

trans-matrix-x  =       0.554       0.827      -0.093       3.647
trans-matrix-y  =      -0.764       0.549       0.337      11.291
trans-matrix-z  =       0.330      -0.116       0.936      -0.019

inv-matrix-x    =       0.554      -0.765       0.330       6.621
inv-matrix-y    =       0.828       0.549      -0.116      -9.225
inv-matrix-z    =      -0.093       0.338       0.937      -3.458


#
###############################################################################

[SECTION-1]
# MDL.bones.24, MDL file offset 0x19d0, BRRES file offset 0x14ac5d0
@REVISION    =  8773
@ENTRY-INDEX =    24
@SORT-INDEX  =   300
@NAME        = "Ô§ÌEÿÿª"

length		=        0xd0
mdl0-offset	=  0xffffe630
index		=        0x18
id		=        0x19
flags		=        0x98
padding		=           0           0

parent		=  0xffffff30  "Ô§ÌEÿÿª"
child		=           0  ""
next		=           0  ""
prev		=           0  ""
part2		=           0  ""

scale		=       1.000       1.000       1.000
rotation	=       0.000      -7.619       0.876
translation	=       1.150       0.000       0.000
minimum		=       0.000       0.000       0.000
maximum		=       0.000       0.000       0.000

trans-matrix-x  =       0.549       0.819      -0.167       4.284
trans-matrix-y  =      -0.704       0.561       0.435      10.412
trans-matrix-z  =       0.450      -0.121       0.885       0.361

inv-matrix-x    =       0.549      -0.705       0.450       4.825
inv-matrix-y    =       0.819       0.561      -0.121      -9.308
inv-matrix-z    =      -0.167       0.435       0.885      -4.134


#
###############################################################################

[SECTION-1]
# MDL.bones.25, MDL file offset 0x1aa0, BRRES file offset 0x14ac6a0
@REVISION    =  8773
@ENTRY-INDEX =    25
@SORT-INDEX  =   310
@NAME        = "Ý*ÔÈUÿª"

length		=        0xd0
mdl0-offset	=  0xffffe560
index		=        0x19
id		=        0x1a
flags		=        0x98
padding		=           0           0

parent		=  0xfffffa50  ""
child		=        0xd0  ""
next		=       0x1a0  "ÿ»÷zUÿª"
prev		=  0xfffffb20  "Ý*ÔÈUÿª"
part2		=           0  ""

scale		=       1.000       1.000       1.000
rotation	=       0.000       0.000      -2.016
translation	=       1.185       0.000       0.000
minimum		=       0.000       0.000       0.000
maximum		=       0.000       0.000       0.000

trans-matrix-x  =       0.000       0.000      -1.000       0.000
trans-matrix-y  =       0.997       0.070       0.000      14.951
trans-matrix-z  =       0.070      -0.997       0.000      -0.317

inv-matrix-x    =       0.000       0.998       0.070     -14.895
inv-matrix-y    =      -0.000       0.070      -0.998      -1.359
inv-matrix-z    =      -1.000       0.000       0.000       0.000


#
###############################################################################

[SECTION-1]
# MDL.bones.26, MDL file offset 0x1b70, BRRES file offset 0x14ac770
@REVISION    =  8773
@ENTRY-INDEX =    26
@SORT-INDEX  =   320
@NAME        = ""

length		=        0xd0
mdl0-offset	=  0xffffe490
index		=        0x1a
id		=           0
flags		=       0x298
padding		=           0           0

parent		=  0xffffff30  "Ý*ÔÈUÿª"
child		=           0  ""
next		=           0  ""
prev		=           0  ""
part2		=           0  ""

scale		=       1.000       1.000       1.000
rotation	=       0.000       0.000      -2.165
translation	=       0.925       0.000       0.000
minimum		=       0.000       0.000       0.000
maximum		=       0.000       0.000       0.000

trans-matrix-x  =       0.000       0.000      -1.000       0.000
trans-matrix-y  =       0.994       0.107       0.000      15.873
trans-matrix-z  =       0.107      -0.994       0.000      -0.253

inv-matrix-x    =       0.000       0.995       0.107     -15.759
inv-matrix-y    =      -0.000       0.107      -0.995      -1.955
inv-matrix-z    =      -1.000       0.000       0.000       0.000


#
###############################################################################

[SECTION-1]
# MDL.bones.27, MDL file offset 0x1c40, BRRES file offset 0x14ac840
@REVISION    =  8773
@ENTRY-INDEX =    27
@SORT-INDEX  =   330
@NAME        = "ÿ»÷zUÿª"

length		=        0xd0
mdl0-offset	=  0xffffe3c0
index		=        0x1b
id		=        0x1b
flags		=        0x98
padding		=           0           0

parent		=  0xfffff8b0  ""
child		=        0xd0  "Uÿª"
next		=           0  ""
prev		=  0xfffffe60  "Ý*ÔÈUÿª"
part2		=           0  ""

scale		=       1.000       1.000       1.000
rotation	=     -76.990     -74.352     176.238
translation	=       0.976       0.250       0.266
minimum		=       0.000       0.000       0.000
maximum		=       0.000       0.000       0.000

trans-matrix-x  =      -0.963       0.263      -0.061      -0.266
trans-matrix-y  =      -0.268      -0.956       0.118      14.751
trans-matrix-z  =      -0.027       0.130       0.991      -0.574

inv-matrix-x    =      -0.963      -0.268      -0.027       3.688
inv-matrix-y    =       0.263      -0.956       0.130      14.251
inv-matrix-z    =      -0.061       0.118       0.991      -1.191


#
###############################################################################

[SECTION-1]
# MDL.bones.28, MDL file offset 0x1d10, BRRES file offset 0x14ac910
@REVISION    =  8773
@ENTRY-INDEX =    28
@SORT-INDEX  =   340
@NAME        = "Uÿª"

length		=        0xd0
mdl0-offset	=  0xffffe2f0
index		=        0x1c
id		=        0x1c
flags		=        0x98
padding		=           0           0

parent		=  0xffffff30  "ÿ»÷zUÿª"
child		=        0xd0  "Uÿª"
next		=           0  ""
prev		=           0  ""
part2		=           0  ""

scale		=       1.000       1.000       1.000
rotation	=       0.000       0.000      38.762
translation	=       1.134       0.000       0.000
minimum		=       0.000       0.000       0.000
maximum		=       0.000       0.000       0.000

trans-matrix-x  =      -0.586       0.808      -0.061      -1.358
trans-matrix-y  =      -0.808      -0.577       0.118      14.446
trans-matrix-z  =       0.060       0.118       0.991      -0.605

inv-matrix-x    =      -0.586      -0.808       0.060      10.915
